#Current (A), current uncertainty, inverse radius (1/m), radius uncertainty, radius
1.126	0.001	37.73584906	0.005	0.0265
1.149	0.001	40			0.005	0.025
1.189	0.001	41.66666667	0.005	0.024
1.261	0.001	44.44444444	0.005	0.0225
1.313	0.001	45.45454545	0.005	0.022
1.395	0.001	48.7804878	0.005	0.0205
1.454	0.001	52.63157895	0.005	0.019
1.514	0.001	52.63157895	0.005	0.019
1.6		0.001	55.55555556	0.005	0.018
1.7		0.001	58.82352941	0.005	0.017
1.776	0.001	58.82352941	0.005	0.017
1.865	0.001	62.5		0.005	0.016
1.966	0.001	66.66666667	0.005	0.015
2.039	0.001	66.66666667	0.005	0.015