#Current (A), current uncertainty, inverse radius (1/m), radius uncertainty, radius
1.122	0.001	32.78688525	0.005	0.0305
1.154	0.001	34.48275862	0.005	0.029
1.193	0.001	36.36363636	0.005	0.0275
1.242	0.001	37.73584906	0.005	0.0265
1.316	0.001	37.73584906	0.005	0.0265
1.387	0.001	40			0.005	0.025
1.446	0.001	42.55319149	0.005	0.0235
1.526	0.001	43.47826087	0.005	0.023
1.596	0.001	50			0.005	0.02
1.704	0.001	51.28205128	0.005	0.0195
1.777	0.001	55.55555556	0.005	0.018
1.876	0.001	58.82352941	0.005	0.017
1.97	0.001	57.14285714	0.005	0.0175
2.07	0.001	58.82352941	0.005	0.017