#Current (A), current uncertainty, inverse radius (1/m), radius uncertainty, radius
1.124	0.001	29.41176471	0.005	0.034
1.157	0.001	31.25		0.005	0.032
1.196	0.001	33.33333333	0.005	0.03
1.257	0.001	34.48275862	0.005	0.029
1.308	0.001	36.36363636	0.005	0.0275
1.39	0.001	37.73584906	0.005	0.0265
1.441	0.001	40			0.005	0.025
1.529	0.001	40.81632653	0.005	0.0245
1.597	0.001	43.47826087	0.005	0.023
1.69	0.001	45.45454545	0.005	0.022
1.77	0.001	48.7804878	0.005	0.0205
1.867	0.001	50			0.005	0.02
1.962	0.001	52.63157895	0.005	0.019
2.082	0.001	54.05405405	0.005	0.0185