#Current (A), current uncertainty, inverse radius (1/m), radius uncertainty, radius
1.12	0.001	28.98550725	0.005	0.0345
1.152	0.001	29.85074627	0.005	0.0335
1.198	0.001	30.3030303	0.005	0.033
1.261	0.001	31.74603175	0.005	0.0315
1.316	0.001	31.74603175	0.005	0.0315
1.39	0.001	34.48275862	0.005	0.029
1.448	0.001	35.0877193	0.005	0.0285
1.518	0.001	37.03703704	0.005	0.027
1.595	0.001	37.73584906	0.005	0.0265
1.691	0.001	40.81632653	0.005	0.0245
1.763	0.001	42.55319149	0.005	0.0235
1.874	0.001	45.45454545	0.005	0.022
1.97	0.001	46.51162791	0.005	0.0215
2.084	0.001	50			0.005	0.02