#Current (A), current uncertainty, inverse radius (1/m), radius uncertainty, radius
1.121	0.001	25.97402597	0.005	0.0385
1.159	0.001	26.66666667	0.005	0.0375
1.203	0.001	27.77777778	0.005	0.036
1.263	0.001	30.3030303	0.005	0.033
1.316	0.001	30.3030303	0.005	0.033
1.394	0.001	31.74603175	0.005	0.0315
1.468	0.001	35.0877193	0.005	0.0285
1.521	0.001	35.0877193	0.005	0.0285
1.609	0.001	37.73584906	0.005	0.0265
1.715	0.001	40.81632653	0.005	0.0245
1.762	0.001	42.55319149	0.005	0.0235
1.917	0.001	44.44444444	0.005	0.0225
1.971	0.001	45.45454545	0.005	0.022
2.113	0.001	50			0.005	0.02