#Current (A), current uncertainty, inverse radius (1/m), radius uncertainty, radius
1.124	0.001	23.52941176	0.005	0.0425
1.154	0.001	25.97402597	0.005	0.0385
1.202	0.001	26.66666667	0.005	0.0375
1.275	0.001	27.39726027	0.005	0.0365
1.333	0.001	28.16901408	0.005	0.0355
1.39	0.001	29.85074627	0.005	0.0335
1.47	0.001	32.25806452	0.005	0.031
1.54	0.001	33.89830508	0.005	0.0295
1.613	0.001	36.36363636	0.005	0.0275
1.724	0.001	37.03703704	0.005	0.027
1.779	0.001	37.73584906	0.005	0.0265
1.922	0.001	42.55319149	0.005	0.0235
1.971	0.001	44.44444444	0.005	0.0225
2.125	0.001	50			0.005	0.02